1,-3.187902606042998,55.94468190778624,110,55.94468190778624,-3.187902606042998,hurt.green.filer
2,-3.188052606042998,55.944422100165106,240,55.944422100165106,-3.188052606042998,null
3,-3.188202606042998,55.94416229254397,240,55.94416229254397,-3.188202606042998,rush.crown.link
4,-3.1881000000000004,55.94388038475773,290,55.94388038475773,-3.1881000000000004,null
5,-3.1879973939570028,55.943598476971495,290,55.943598476971495,-3.1879973939570028,scare.cubs.resort
6,-3.1876973939570026,55.943598476971495,0,55.943598476971495,-3.1876973939570026,null
7,-3.1873973939570024,55.943598476971495,0,55.943598476971495,-3.1873973939570024,shut.stands.media
8,-3.1872045576740966,55.94336866363856,310,55.94336866363856,-3.1872045576740966,scale.chair.kinds
9,-3.1873973939570024,55.94313885030562,230,55.94313885030562,-3.1873973939570024,null
10,-3.187590230239908,55.94290903697269,230,55.94290903697269,-3.187590230239908,panic.squad.danger
11,-3.187820043572844,55.94310187325559,140,55.94310187325559,-3.187820043572844,null
12,-3.1880498569057796,55.9432947095385,140,55.9432947095385,-3.1880498569057796,null
13,-3.1882796702387153,55.943487545821405,140,55.943487545821405,-3.1882796702387153,null
14,-3.188539477859851,55.9436375458214,150,55.9436375458214,-3.188539477859851,null
15,-3.1887692911927865,55.94383038210431,140,55.94383038210431,-3.1887692911927865,null
16,-3.189029098813922,55.94398038210431,150,55.94398038210431,-3.189029098813922,noted.friday.jams
17,-3.1893110066001578,55.943877776061306,200,55.943877776061306,-3.1893110066001578,null
18,-3.1896064489260616,55.943825681608004,190,55.943825681608004,-3.1896064489260616,burn.spot.across
19,-3.189866256547197,55.943675681608006,210,55.943675681608006,-3.189866256547197,null
20,-3.190096069880133,55.9434828453251,220,55.9434828453251,-3.190096069880133,arts.dish.scarcely
21,-3.1903558775012684,55.9433328453251,210,55.9433328453251,-3.1903558775012684,null
22,-3.190615685122404,55.943182845325104,210,55.943182845325104,-3.190615685122404,relate.chill.vest
23,-3.1909111274483077,55.9431307508718,190,55.9431307508718,-3.1909111274483077,null
24,-3.1912065697742116,55.9430786564185,190,55.9430786564185,-3.1912065697742116,else.urban.museum
25,-3.1911544753209116,55.94337409874441,80,55.94337409874441,-3.1911544753209116,meal.feed.large
26,-3.190872567534676,55.94347670478741,20,55.94347670478741,-3.190872567534676,null
27,-3.19059065974844,55.94357931083041,20,55.94357931083041,-3.19059065974844,null
28,-3.1903087519622044,55.94368191687341,20,55.94368191687341,-3.1903087519622044,sculpture.shot.melon
29,-3.1900789386292687,55.943874753156315,40,55.943874753156315,-3.1900789386292687,null
30,-3.189849125296333,55.94406758943922,40,55.94406758943922,-3.189849125296333,cliff.asleep.wedge
31,-3.189553682970429,55.944119683892524,10,55.944119683892524,-3.189553682970429,null
32,-3.1892582406445253,55.944171778345826,10,55.944171778345826,-3.1892582406445253,spoon.invest.every
33,-3.1891082406445252,55.94443158596696,60,55.94443158596696,-3.1891082406445252,null
34,-3.188958240644525,55.944691393588094,60,55.944691393588094,-3.188958240644525,null
35,-3.188808240644525,55.94495120120923,60,55.94495120120923,-3.188808240644525,null
36,-3.188658240644525,55.94521100883036,60,55.94521100883036,-3.188658240644525,rooms.lamp.teach
37,-3.188808240644525,55.9454708164515,120,55.9454708164515,-3.188808240644525,shady.soft.phones
38,-3.188512798318621,55.9455229109048,10,55.9455229109048,-3.188512798318621,skills.less.herb
39,-3.1882308905323855,55.9456255169478,20,55.9456255169478,-3.1882308905323855,null
40,-3.18794898274615,55.9457281229908,20,55.9457281229908,-3.18794898274615,null
41,-3.187667074959914,55.9458307290338,20,55.9458307290338,-3.187667074959914,null
42,-3.1873851671736784,55.9459333350768,20,55.9459333350768,-3.1873851671736784,slips.mass.baking
43,-3.1871032593874427,55.9458307290338,340,55.9458307290338,-3.1871032593874427,null
44,-3.186843451766307,55.9456807290338,330,55.9456807290338,-3.186843451766307,hidden.handle.softly
45,-3.1869460578093047,55.945398821247565,250,55.945398821247565,-3.1869460578093047,spent.spoon.bolt
46,-3.186753221526399,55.94516900791463,310,55.94516900791463,-3.186753221526399,null
47,-3.186560385243493,55.94493919458169,310,55.94493919458169,-3.186560385243493,null
48,-3.186560385243493,55.94463919458169,270,55.94463919458169,-3.186560385243493,null
49,-3.186855827569397,55.94458710012839,190,55.94458710012839,-3.186855827569397,artist.gets.react
50,-3.186560385243493,55.94463919458169,10,55.94463919458169,-3.186560385243493,rated.fired.crowds
51,-3.1862784774572575,55.94453658853869,340,55.94453658853869,-3.1862784774572575,null
52,-3.1861284774572574,55.944276780917555,300,55.944276780917555,-3.1861284774572574,null
53,-3.1860258714142597,55.94399487313132,290,55.94399487313132,-3.1860258714142597,null
54,-3.1858758714142597,55.94373506551018,300,55.94373506551018,-3.1858758714142597,record.sofa.sock
55,-3.185773265371262,55.943453157723944,290,55.943453157723944,-3.185773265371262,null
56,-3.1856706593282644,55.943171249937706,290,55.943171249937706,-3.1856706593282644,toned.deflection.bland
57,-3.185568053285267,55.94288934215147,290,55.94288934215147,-3.185568053285267,dent.shins.cycle
58,-3.185286145499031,55.94299194819447,20,55.94299194819447,-3.185286145499031,null
59,-3.1850042377127954,55.94309455423747,20,55.94309455423747,-3.1850042377127954,null
60,-3.1847223299265597,55.94319716028047,20,55.94319716028047,-3.1847223299265597,brings.remedy.latter
61,-3.1849151662094655,55.943426973613406,130,55.943426973613406,-3.1849151662094655,null
62,-3.1851080024923712,55.94365678694634,130,55.94365678694634,-3.1851080024923712,hello.love.keys
63,-3.185337815825307,55.94384962322925,140,55.94384962322925,-3.185337815825307,null
64,-3.1855676291582427,55.944042459512154,140,55.944042459512154,-3.1855676291582427,manliness.poem.cliff
65,-3.1854176291582426,55.94430226713329,60,55.94430226713329,-3.1854176291582426,null
66,-3.1852676291582425,55.94456207475442,60,55.94456207475442,-3.1852676291582425,acid.chair.butter
67,-3.185007821537107,55.94471207475442,30,55.94471207475442,-3.185007821537107,null
68,-3.184725913750871,55.94481468079742,20,55.94481468079742,-3.184725913750871,null
69,-3.1844661061297357,55.94496468079742,30,55.94496468079742,-3.1844661061297357,sports.topic.clocks
70,-3.184616106129736,55.94522448841855,120,55.94522448841855,-3.184616106129736,null
71,-3.184766106129736,55.94548429603969,120,55.94548429603969,-3.184766106129736,null
72,-3.1849589424126417,55.945714109372624,130,55.945714109372624,-3.1849589424126417,rider.aura.bulb
73,-3.1851517786955474,55.94594392270556,130,55.94594392270556,-3.1851517786955474,null
74,-3.1853446149784532,55.946173736038496,130,55.946173736038496,-3.1853446149784532,prime.rent.silk
75,-3.185574428311389,55.94598089975559,220,55.94598089975559,-3.185574428311389,null
76,-3.1858042416443246,55.94578806347268,220,55.94578806347268,-3.1858042416443246,null
77,-3.18606404926546,55.945638063472686,210,55.945638063472686,-3.18606404926546,null
78,-3.186293862598396,55.94544522718978,220,55.94544522718978,-3.186293862598396,null
79,-3.1865536702195314,55.94529522718978,210,55.94529522718978,-3.1865536702195314,null
80,-3.186656276262529,55.94501331940354,250,55.94501331940354,-3.186656276262529,null
81,-3.1864634399796232,55.94478350607061,310,55.94478350607061,-3.1864634399796232,null
82,-3.186745347765859,55.944680900027606,200,55.944680900027606,-3.186745347765859,null
83,-3.1870407900917628,55.944628805574304,190,55.944628805574304,-3.1870407900917628,null
84,-3.1873226978779985,55.9445261995313,200,55.9445261995313,-3.1873226978779985,null
85,-3.1876181402039023,55.944474105078,190,55.944474105078,-3.1876181402039023,null
