1,-3.1921900922137643,55.946129393957,340,55.946129393957,-3.1921900922137643,null
2,-3.1919081844275285,55.946026787914,340,55.946026787914,-3.1919081844275285,stone.undulation.poems
3,-3.192010790470526,55.94574488012776,250,55.94574488012776,-3.192010790470526,null
4,-3.1921133965135238,55.945462972341524,250,55.945462972341524,-3.1921133965135238,null
5,-3.1922160025565214,55.945181064555285,250,55.945181064555285,-3.1922160025565214,useful.hike.trades
6,-3.191916002556521,55.945181064555285,0,55.945181064555285,-3.191916002556521,null
7,-3.191616002556521,55.945181064555285,0,55.945181064555285,-3.191616002556521,hills.feels.tunes
8,-3.191320560230617,55.94523315900859,10,55.94523315900859,-3.191320560230617,null
9,-3.191020560230617,55.94523315900859,0,55.94523315900859,-3.191020560230617,maple.limit.hotels
10,-3.1907907468976813,55.945425995291494,40,55.945425995291494,-3.1907907468976813,null
11,-3.1905609335647456,55.9456188315744,40,55.9456188315744,-3.1905609335647456,null
12,-3.19030112594361,55.9457688315744,30,55.9457688315744,-3.19030112594361,null
13,-3.1900713126106743,55.945961667857304,40,55.945961667857304,-3.1900713126106743,love.behind.orchestra
14,-3.189771312610674,55.945961667857304,0,55.945961667857304,-3.189771312610674,null
15,-3.189471312610674,55.945961667857304,0,55.945961667857304,-3.189471312610674,coherent.saints.stuck
16,-3.1893687065676763,55.945679760071066,290,55.945679760071066,-3.1893687065676763,null
17,-3.1892661005246787,55.94539785228483,290,55.94539785228483,-3.1892661005246787,null
18,-3.1892140060713787,55.94510240995892,280,55.94510240995892,-3.1892140060713787,number.exist.rate
19,-3.188932098285143,55.94520501600192,20,55.94520501600192,-3.188932098285143,null
20,-3.188636655959239,55.94525711045522,10,55.94525711045522,-3.188636655959239,null
21,-3.1883547481730035,55.945359716498224,20,55.945359716498224,-3.1883547481730035,null
22,-3.1880728403867677,55.945462322541225,20,55.945462322541225,-3.1880728403867677,null
23,-3.187777398060864,55.94551441699453,10,55.94551441699453,-3.187777398060864,null
24,-3.18748195573496,55.94556651144783,10,55.94556651144783,-3.18748195573496,null
25,-3.1872000479487244,55.94566911749083,20,55.94566911749083,-3.1872000479487244,diner.leaves.mutual
26,-3.1869046056228205,55.94572121194413,10,55.94572121194413,-3.1869046056228205,null
27,-3.1866046056228203,55.94572121194413,0,55.94572121194413,-3.1866046056228203,null
28,-3.1863091632969165,55.945773306397435,10,55.945773306397435,-3.1863091632969165,posts.kicked.universally
29,-3.186049355675781,55.94592330639743,30,55.94592330639743,-3.186049355675781,null
30,-3.1857674478895452,55.94602591244043,20,55.94602591244043,-3.1857674478895452,renew.slows.basket
31,-3.1859174478895453,55.9457661048193,240,55.9457661048193,-3.1859174478895453,null
32,-3.186110284172451,55.94553629148636,230,55.94553629148636,-3.186110284172451,null
33,-3.186260284172451,55.94527648386523,240,55.94527648386523,-3.186260284172451,null
34,-3.186453120455357,55.94504667053229,230,55.94504667053229,-3.186453120455357,laws.merit.bleak
35,-3.186603120455357,55.94478686291116,240,55.94478686291116,-3.186603120455357,null
36,-3.186795956738263,55.94455704957822,230,55.94455704957822,-3.186795956738263,artist.gets.react
37,-3.1870913990641667,55.94450495512492,190,55.94450495512492,-3.1870913990641667,null
38,-3.1873868413900706,55.94445286067162,190,55.94445286067162,-3.1873868413900706,null
39,-3.1876822837159744,55.944400766218315,190,55.944400766218315,-3.1876822837159744,thank.salsa.brain
40,-3.18794209133711,55.94425076621832,210,55.94425076621832,-3.18794209133711,null
41,-3.1882018989582455,55.94410076621832,210,55.94410076621832,-3.1882018989582455,rush.crown.link
42,-3.1884973412841493,55.94404867176502,190,55.94404867176502,-3.1884973412841493,null
43,-3.188779249070385,55.94394606572202,200,55.94394606572202,-3.188779249070385,noted.friday.jams
44,-3.1890390566915205,55.944096065722015,150,55.944096065722015,-3.1890390566915205,spoon.invest.every
45,-3.1892318929744263,55.94386625238908,230,55.94386625238908,-3.1892318929744263,null
46,-3.189424729257332,55.94363643905614,230,55.94363643905614,-3.189424729257332,cars.attend.hotels
47,-3.1897247292573323,55.94363643905614,180,55.94363643905614,-3.1897247292573323,null
48,-3.190020171583236,55.943688533509444,170,55.943688533509444,-3.190020171583236,null
49,-3.1903201715832363,55.943688533509444,180,55.943688533509444,-3.1903201715832363,sculpture.shot.melon
50,-3.190513007866142,55.94391834684238,130,55.94391834684238,-3.190513007866142,null
51,-3.190742821199078,55.94411118312529,140,55.94411118312529,-3.190742821199078,null
52,-3.1909356574819836,55.94434099645822,130,55.94434099645822,-3.1909356574819836,paying.crowd.weep
53,-3.191038263524981,55.944059088671985,250,55.944059088671985,-3.191038263524981,spicy.bunch.shady
54,-3.1910903579782812,55.94376364634608,260,55.94376364634608,-3.1910903579782812,null
55,-3.1911424524315812,55.94346820402017,260,55.94346820402017,-3.1911424524315812,meal.feed.large
56,-3.1908605446453455,55.94336559797717,340,55.94336559797717,-3.1908605446453455,null
57,-3.19060073702421,55.94321559797717,330,55.94321559797717,-3.19060073702421,null
58,-3.1903188292379743,55.94311299193417,340,55.94311299193417,-3.1903188292379743,null
59,-3.1900590216168387,55.94296299193417,330,55.94296299193417,-3.1900590216168387,second.launch.miles
60,-3.189777113830603,55.943065597977174,20,55.943065597977174,-3.189777113830603,null
61,-3.1894952060443673,55.943168204020175,20,55.943168204020175,-3.1894952060443673,null
62,-3.1892132982581316,55.943270810063176,20,55.943270810063176,-3.1892132982581316,null
63,-3.1889178559322278,55.94332290451648,10,55.94332290451648,-3.1889178559322278,null
64,-3.188635948145992,55.94342551055948,20,55.94342551055948,-3.188635948145992,system.speak.guard
65,-3.1883540403597563,55.94332290451648,340,55.94332290451648,-3.1883540403597563,null
66,-3.1880721325735206,55.94322029847348,340,55.94322029847348,-3.1880721325735206,null
67,-3.187812324952385,55.94307029847348,330,55.94307029847348,-3.187812324952385,null
68,-3.1875304171661494,55.94296769243048,340,55.94296769243048,-3.1875304171661494,null
69,-3.187270609545014,55.94281769243048,330,55.94281769243048,-3.187270609545014,null
70,-3.186988701758778,55.94271508638748,340,55.94271508638748,-3.186988701758778,strut.river.surely
71,-3.1866932594328743,55.94276718084078,10,55.94276718084078,-3.1866932594328743,null
72,-3.186393259432874,55.94276718084078,0,55.94276718084078,-3.186393259432874,under.retire.bump
73,-3.1861113516466384,55.94286978688378,20,55.94286978688378,-3.1861113516466384,null
74,-3.1858294438604027,55.942972392926784,20,55.942972392926784,-3.1858294438604027,null
75,-3.185547536074167,55.943074998969784,20,55.943074998969784,-3.185547536074167,toned.deflection.bland
76,-3.185697536074167,55.94333480659092,120,55.94333480659092,-3.185697536074167,null
77,-3.185847536074167,55.94359461421205,120,55.94359461421205,-3.185847536074167,record.sofa.sock
78,-3.1859975360741672,55.94385442183319,120,55.94385442183319,-3.1859975360741672,teams.mild.played
79,-3.185847536074167,55.94411422945432,60,55.94411422945432,-3.185847536074167,null
80,-3.1856546997912614,55.94434404278726,50,55.94434404278726,-3.1856546997912614,atoms.vanish.foods
81,-3.185394892170126,55.944494042787255,30,55.944494042787255,-3.185394892170126,acid.chair.butter
82,-3.1851350845489903,55.94464404278725,30,55.94464404278725,-3.1851350845489903,null
83,-3.1848531767627546,55.944746648830254,20,55.944746648830254,-3.1848531767627546,slide.leads.stores
84,-3.1848010823094546,55.94445120650435,280,55.94445120650435,-3.1848010823094546,null
85,-3.1847489878561546,55.94415576417844,280,55.94415576417844,-3.1847489878561546,null
86,-3.184646381813157,55.9438738563922,290,55.9438738563922,-3.184646381813157,rider.mile.lime
87,-3.1849282895993927,55.9437712503492,200,55.9437712503492,-3.1849282895993927,null
88,-3.1852101973856284,55.9436686443062,200,55.9436686443062,-3.1852101973856284,hello.love.keys
89,-3.185492105171864,55.9437712503492,160,55.9437712503492,-3.185492105171864,null
90,-3.1857740129581,55.9438738563922,160,55.9438738563922,-3.1857740129581,null
91,-3.1860559207443355,55.9439764624352,160,55.9439764624352,-3.1860559207443355,null
92,-3.1863378285305712,55.9440790684782,160,55.9440790684782,-3.1863378285305712,null
93,-3.1866378285305714,55.9440790684782,180,55.9440790684782,-3.1866378285305714,null
94,-3.1869332708564753,55.9440269740249,190,55.9440269740249,-3.1869332708564753,null
95,-3.187215178642711,55.9441295800679,160,55.9441295800679,-3.187215178642711,null
96,-3.1874970864289467,55.9442321861109,160,55.9442321861109,-3.1874970864289467,null
97,-3.1877789942151824,55.9443347921539,160,55.9443347921539,-3.1877789942151824,null
98,-3.188060902001418,55.944437398196904,160,55.944437398196904,-3.188060902001418,null
99,-3.188342809787654,55.944540004239904,160,55.944540004239904,-3.188342809787654,null
100,-3.1886247175738895,55.944642610282905,160,55.944642610282905,-3.1886247175738895,null
101,-3.1889066253601253,55.944745216325906,160,55.944745216325906,-3.1889066253601253,null
102,-3.189188533146361,55.94484782236891,160,55.94484782236891,-3.189188533146361,null
103,-3.1894704409325967,55.94495042841191,160,55.94495042841191,-3.1894704409325967,null
104,-3.1897523487188324,55.94505303445491,160,55.94505303445491,-3.1897523487188324,null
105,-3.190034256505068,55.94515564049791,160,55.94515564049791,-3.190034256505068,null
106,-3.190316164291304,55.94525824654091,160,55.94525824654091,-3.190316164291304,null
107,-3.1905980720775395,55.94536085258391,160,55.94536085258391,-3.1905980720775395,null
108,-3.1908799798637753,55.94546345862691,160,55.94546345862691,-3.1908799798637753,null
109,-3.191139787484911,55.94561345862691,150,55.94561345862691,-3.191139787484911,null
110,-3.1914216952711465,55.94571606466991,160,55.94571606466991,-3.1914216952711465,null
111,-3.191681502892282,55.94586606466991,150,55.94586606466991,-3.191681502892282,null
112,-3.1919634106785177,55.94596867071291,160,55.94596867071291,-3.1919634106785177,null
113,-3.1922232182996533,55.946118670712906,150,55.946118670712906,-3.1922232182996533,null
114,-3.192505126085889,55.94622127675591,160,55.94622127675591,-3.192505126085889,null
